Lists/NUMBERS.txt

This file contains all the 3-digit integers (000-999 inclusive) in a
random order.  When you use a number from here, mark it as used.


551
659
727
683
100
699
763
070
272
846
046
315
669
786
287
414
290
591
268
085
996
330
880
098
242
055
878
125
935
627
884
619
050
644
778
589
110
056
913
965
622
757
755
172
083
331
176
156
662
015
169
603
828
714
493
612
374
362
148
142
648
851
210
059
744
993
348
724
198
804
329
897
509
978
086
555
637
726
558
667
849
722
412
410
546
583
818
754
578
067
746
162
917
340
008
296
364
776
103
985
507
508
712
729
859
184
651
431
916
584
025
092
403
787
397
388
829
273
088
280
666
089
328
498
489
631
684
893
081
876
782
342
313
736
862
418
657
448
179
527
257
781
751
586
576
375
042
425
783
550
069
271
947
355
961
127
812
337
005
968
244
270
952
360
843
930
028
075
840
243
247
689
292
503
264
677
452
750
034
044
402
621
390
673
477
121
725
816
151
646
593
065
115
599
459
265
490
294
914
399
001
491
166
345
607
066
983
711
938
393
333
680
224
249
411
906
480
228
392
492
045
569
743
462
905
616
359
472
577
518
240
501
649
349
613
681
409
918
139
987
671
861
853
189
806
073
426
643
653
570
830
943
212
641
060
174
937
741
548
931
326
052
511
752
561
435
614
932
261
924
926
031
594
951
288
785
857
618
934
831
372
506
386
885
207
879
991
856
382
845
106
740
332
715
927
449
335
286
820
195
611
977
219
788
461
341
795
769
276
157
590
895
482
446
881
010
038
454
456
022
424
686
560
230
379
327
957
311
029
969
017
262
246
944
238
642
824
650
144
609
960
539
225
063
762
096
719
000
531
575
605
316
140
126
192
049
883
556
138
902
723
137
147
406
863
652
886
718
007
077
285
587
196
153
617
974
797
654
704
216
429
972
604
832
542
457
675
095
858
721
161
405
567
391
231
706
854
470
444
601
033
047
241
929
515
981
628
524
922
201
275
128
259
036
432
827
013
519
300
790
764
118
303
204
136
122
912
091
588
959
716
814
635
811
945
357
076
387
494
549
317
971
413
468
104
523
701
481
623
777
946
032
227
923
564
274
692
346
598
663
396
282
030
694
888
620
021
521
347
900
193
530
114
072
672
517
868
665
866
016
874
979
428
767
469
921
499
319
809
624
417
942
187
408
920
606
058
656
709
439
850
792
177
685
463
108
852
253
258
582
907
222
324
165
041
040
707
236
367
525
844
794
057
545
245
361
799
229
976
197
847
436
281
437
543
235
789
307
124
061
841
580
592
823
484
748
163
217
966
565
956
600
051
626
109
995
688
896
255
496
708
760
510
186
903
796
982
610
352
314
284
870
537
234
732
533
074
940
992
302
890
107
557
289
422
791
989
376
869
223
658
810
479
950
071
145
389
919
647
962
171
909
263
798
094
183
130
488
188
595
097
574
384
636
958
134
865
190
358
497
002
892
632
269
735
526
915
278
739
679
535
625
182
529
440
925
102
464
826
674
848
018
220
293
774
322
737
442
815
301
936
821
168
745
305
180
838
514
321
933
385
554
191
248
370
460
573
458
308
135
090
006
975
087
963
476
181
218
877
054
633
150
053
911
304
339
802
700
068
770
266
772
765
713
400
836
152
705
973
901
338
447
634
380
132
420
465
780
668
801
967
544
615
990
371
232
160
279
064
756
199
194
373
487
011
111
203
299
474
734
343
768
941
423
211
415
120
860
116
254
793
027
155
221
093
773
239
747
682
899
552
078
297
478
954
887
455
512
277
597
200
295
687
079
717
998
035
416
875
571
209
445
368
214
562
451
585
309
141
363
009
421
014
728
817
645
948
670
882
771
158
185
334
532
320
638
891
842
080
082
553
834
697
775
043
579
433
283
117
873
419
563
733
676
766
808
434
131
237
112
955
825
037
833
502
779
910
453
024
534
441
928
475
696
298
889
312
566
505
366
205
344
099
500
839
381
698
404
536
997
407
984
738
904
758
630
761
003
291
702
467
538
226
640
813
260
749
105
202
318
430
898
170
113
581
377
023
351
855
062
872
101
019
483
256
953
994
516
803
167
398
988
206
350
252
559
133
547
119
365
522
540
693
471
999
175
980
949
690
691
306
020
908
807
964
354
466
213
520
486
608
356
369
129
450
336
443
730
438
513
572
819
004
731
164
215
233
154
401
473
867
048
208
602
146
800
325
267
822
629
655
596
660
664
894
378
084
837
012
485
742
864
173
495
784
678
504
395
541
528
986
178
039
753
939
026
805
695
661
835
149
710
353
568
123
251
310
394
759
703
970
250
427
159
323
871
383
143
639
720
